# Skin friction coefficient results from CFL3D, Re_H=36,000, SST model
# Note: computed results were quasi-steady
x,cf
 -1.266598206E+02, 0.000000000E+00
 -1.238694153E+02, 0.000000000E+00
 -1.215366974E+02, 0.000000000E+00
 -1.195846939E+02, 0.000000000E+00
 -1.179489822E+02, 0.000000000E+00
 -1.165755920E+02, 0.000000000E+00
 -1.154191971E+02, 0.000000000E+00
 -1.144416275E+02, 0.000000000E+00
 -1.136106415E+02, 0.000000000E+00
 -1.128988037E+02, 0.000000000E+00
 -1.122826233E+02, 0.000000000E+00
 -1.117417679E+02, 0.000000000E+00
 -1.112583923E+02, 0.000000000E+00
 -1.108165512E+02, 0.000000000E+00
 -1.104016495E+02, 0.000000000E+00
 -1.100000000E+02, 8.568611927E-03
 -1.095987091E+02, 1.099191699E-02
 -1.091922226E+02, 4.772877321E-03
 -1.087805405E+02, 4.735545255E-03
 -1.083636475E+02, 4.728576634E-03
 -1.079415131E+02, 4.660974722E-03
 -1.075141373E+02, 4.563342780E-03
 -1.070815125E+02, 4.461491015E-03
 -1.066436234E+02, 4.367681686E-03
 -1.062004700E+02, 4.284881055E-03
 -1.057520447E+02, 4.212331958E-03
 -1.052983475E+02, 4.148248583E-03
 -1.048393784E+02, 4.090944305E-03
 -1.043751373E+02, 4.039154388E-03
 -1.039056396E+02, 3.991968464E-03
 -1.034308777E+02, 3.948633559E-03
 -1.029508667E+02, 3.908487037E-03
 -1.024656143E+02, 3.870979883E-03
 -1.019751511E+02, 3.835723735E-03
 -1.014794693E+02, 3.802473191E-03
 -1.009786072E+02, 3.771061543E-03
 -1.004725800E+02, 3.741345834E-03
 -9.996140289E+01, 3.713184735E-03
 -9.944512177E+01, 3.686448094E-03
 -9.892374420E+01, 3.661025548E-03
 -9.839732361E+01, 3.636817448E-03
 -9.786587524E+01, 3.613726934E-03
 -9.732944489E+01, 3.591654589E-03
 -9.678807831E+01, 3.570516128E-03
 -9.624181366E+01, 3.550255205E-03
 -9.569068909E+01, 3.530821530E-03
 -9.513476562E+01, 3.512162250E-03
 -9.457408905E+01, 3.494226839E-03
 -9.400871277E+01, 3.476970131E-03
 -9.343869781E+01, 3.460350446E-03
 -9.286409760E+01, 3.444330301E-03
 -9.228497314E+01, 3.428875003E-03
 -9.170140076E+01, 3.413954051E-03
 -9.111344147E+01, 3.399540205E-03
 -9.052117157E+01, 3.385609016E-03
 -8.992465973E+01, 3.372137900E-03
 -8.932398224E+01, 3.359105205E-03
 -8.871922302E+01, 3.346489742E-03
 -8.811046600E+01, 3.334271954E-03
 -8.749778748E+01, 3.322432982E-03
 -8.688127899E+01, 3.310956061E-03
 -8.626103973E+01, 3.299825359E-03
 -8.563714600E+01, 3.289024346E-03
 -8.500971222E+01, 3.278539516E-03
 -8.437882233E+01, 3.268357832E-03
 -8.374458313E+01, 3.258466022E-03
 -8.310709381E+01, 3.248853376E-03
 -8.246646881E+01, 3.239508485E-03
 -8.182280731E+01, 3.230420407E-03
 -8.117622375E+01, 3.221580759E-03
 -8.052682495E+01, 3.212980228E-03
 -7.987472534E+01, 3.204609267E-03
 -7.922005463E+01, 3.196461359E-03
 -7.856291962E+01, 3.188529285E-03
 -7.790344238E+01, 3.180804197E-03
 -7.724174500E+01, 3.173279576E-03
 -7.657794952E+01, 3.165949835E-03
 -7.591218567E+01, 3.158807522E-03
 -7.524457550E+01, 3.151845885E-03
 -7.457525635E+01, 3.145060269E-03
 -7.390435028E+01, 3.138445783E-03
 -7.323199463E+01, 3.131996142E-03
 -7.255831909E+01, 3.125706688E-03
 -7.188344574E+01, 3.119575325E-03
 -7.120752716E+01, 3.113597166E-03
 -7.053069305E+01, 3.107767086E-03
 -6.985307312E+01, 3.102080198E-03
 -6.917480469E+01, 3.096533474E-03
 -6.849603271E+01, 3.091122257E-03
 -6.781688690E+01, 3.085839795E-03
 -6.713751221E+01, 3.080680501E-03
 -6.645803833E+01, 3.075638786E-03
 -6.577860260E+01, 3.070710925E-03
 -6.509935760E+01, 3.065895755E-03
 -6.442042542E+01, 3.061193740E-03
 -6.374195099E+01, 3.056603717E-03
 -6.306407166E+01, 3.052124055E-03
 -6.238692474E+01, 3.047751728E-03
 -6.171063995E+01, 3.043481614E-03
 -6.103535843E+01, 3.039309988E-03
 -6.036121750E+01, 3.035234287E-03
 -5.968834305E+01, 3.031254280E-03
 -5.901687241E+01, 3.027367406E-03
 -5.834693909E+01, 3.023570636E-03
 -5.767866898E+01, 3.019861644E-03
 -5.701219559E+01, 3.016239265E-03
 -5.634764481E+01, 3.012703033E-03
 -5.568513870E+01, 3.009252250E-03
 -5.502481079E+01, 3.005884355E-03
 -5.436677170E+01, 3.002596088E-03
 -5.371115494E+01, 2.999385120E-03
 -5.305807114E+01, 2.996248892E-03
 -5.240764236E+01, 2.993186237E-03
 -5.175998306E+01, 2.990195528E-03
 -5.111520004E+01, 2.987273736E-03
 -5.047341537E+01, 2.984418767E-03
 -4.983472824E+01, 2.981628757E-03
 -4.919924927E+01, 2.978903009E-03
 -4.856708527E+01, 2.976241522E-03
 -4.793833160E+01, 2.973644529E-03
 -4.731309128E+01, 2.971110633E-03
 -4.669145966E+01, 2.968638670E-03
 -4.607352829E+01, 2.966227708E-03
 -4.545939636E+01, 2.963876585E-03
 -4.484914398E+01, 2.961584833E-03
 -4.424286652E+01, 2.959351987E-03
 -4.364063644E+01, 2.957178047E-03
 -4.304254150E+01, 2.955061849E-03
 -4.244865799E+01, 2.953002695E-03
 -4.185906219E+01, 2.951000817E-03
 -4.127382278E+01, 2.949056216E-03
 -4.069301605E+01, 2.947168890E-03
 -4.011669922E+01, 2.945338609E-03
 -3.954494476E+01, 2.943564905E-03
 -3.897780609E+01, 2.941846382E-03
 -3.841534805E+01, 2.940181410E-03
 -3.785762024E+01, 2.938567894E-03
 -3.730467987E+01, 2.937004203E-03
 -3.675657654E+01, 2.935489174E-03
 -3.621335220E+01, 2.934020478E-03
 -3.567505264E+01, 2.932595788E-03
 -3.514171982E+01, 2.931212308E-03
 -3.461339188E+01, 2.929868177E-03
 -3.409010696E+01, 2.928561298E-03
 -3.357189560E+01, 2.927289577E-03
 -3.305878830E+01, 2.926051617E-03
 -3.255081177E+01, 2.924846020E-03
 -3.204799652E+01, 2.923671389E-03
 -3.155035782E+01, 2.922525629E-03
 -3.105791855E+01, 2.921406412E-03
 -3.057069588E+01, 2.920311643E-03
 -3.008870697E+01, 2.919239458E-03
 -2.961196136E+01, 2.918188693E-03
 -2.914047050E+01, 2.917159582E-03
 -2.867424202E+01, 2.916151891E-03
 -2.821328163E+01, 2.915165154E-03
 -2.775759315E+01, 2.914198907E-03
 -2.730717659E+01, 2.913252683E-03
 -2.686203194E+01, 2.912326250E-03
 -2.642215538E+01, 2.911420073E-03
 -2.598754120E+01, 2.910533920E-03
 -2.555818367E+01, 2.909668954E-03
 -2.513407326E+01, 2.908824710E-03
 -2.471519852E+01, 2.908001654E-03
 -2.430154610E+01, 2.907199087E-03
 -2.389310455E+01, 2.906416310E-03
 -2.348985291E+01, 2.905653557E-03
 -2.309177589E+01, 2.904910361E-03
 -2.269885445E+01, 2.904186258E-03
 -2.231106567E+01, 2.903480781E-03
 -2.192838669E+01, 2.902793931E-03
 -2.155079460E+01, 2.902125241E-03
 -2.117826462E+01, 2.901474712E-03
 -2.081076813E+01, 2.900842810E-03
 -2.044827843E+01, 2.900229068E-03
 -2.009076500E+01, 2.899634186E-03
 -1.973819733E+01, 2.899057465E-03
 -1.939054298E+01, 2.898499370E-03
 -1.904777145E+01, 2.897959668E-03
 -1.870984650E+01, 2.897438128E-03
 -1.837673378E+01, 2.896934515E-03
 -1.804839706E+01, 2.896449296E-03
 -1.772480202E+01, 2.895982005E-03
 -1.740590858E+01, 2.895532874E-03
 -1.709168053E+01, 2.895102603E-03
 -1.678207588E+01, 2.894690959E-03
 -1.647705650E+01, 2.894297941E-03
 -1.617658234E+01, 2.893924015E-03
 -1.588061237E+01, 2.893569414E-03
 -1.558910275E+01, 2.893234137E-03
 -1.530201340E+01, 2.892918652E-03
 -1.501930141E+01, 2.892623190E-03
 -1.474092293E+01, 2.892348683E-03
 -1.446683407E+01, 2.892095130E-03
 -1.419699097E+01, 2.891863463E-03
 -1.393135071E+01, 2.891653916E-03
 -1.366986656E+01, 2.891467651E-03
 -1.341249561E+01, 2.891304670E-03
 -1.315919113E+01, 2.891166368E-03
 -1.290990829E+01, 2.891052747E-03
 -1.266460133E+01, 2.890964970E-03
 -1.242322445E+01, 2.890903503E-03
 -1.218573284E+01, 2.890869044E-03
 -1.195207977E+01, 2.890862292E-03
 -1.172221851E+01, 2.890883712E-03
 -1.149610424E+01, 2.890933771E-03
 -1.127369118E+01, 2.891013399E-03
 -1.105493259E+01, 2.891123295E-03
 -1.083978176E+01, 2.891264157E-03
 -1.062819481E+01, 2.891436452E-03
 -1.042012405E+01, 2.891641343E-03
 -1.021552372E+01, 2.891879296E-03
 -1.001434994E+01, 2.892151009E-03
 -9.816555977E+00, 2.892457414E-03
 -9.622097015E+00, 2.892799210E-03
 -9.430928230E+00, 2.893177094E-03
 -9.243002892E+00, 2.893591998E-03
 -9.058279037E+00, 2.894044621E-03
 -8.876709938E+00, 2.894535894E-03
 -8.698252678E+00, 2.895066747E-03
 -8.522862434E+00, 2.895637415E-03
 -8.350496292E+00, 2.896249061E-03
 -8.181111336E+00, 2.896902151E-03
 -8.014662743E+00, 2.897597384E-03
 -7.851108551E+00, 2.898335457E-03
 -7.690406799E+00, 2.899116604E-03
 -7.532514572E+00, 2.899941755E-03
 -7.377390862E+00, 2.900811378E-03
 -7.224993229E+00, 2.901725937E-03
 -7.075281620E+00, 2.902685897E-03
 -6.928214550E+00, 2.903691726E-03
 -6.783751965E+00, 2.904743887E-03
 -6.641853809E+00, 2.905842848E-03
 -6.502480507E+00, 2.906989073E-03
 -6.365592957E+00, 2.908182796E-03
 -6.231151581E+00, 2.909424482E-03
 -6.099119186E+00, 2.910714597E-03
 -5.969456673E+00, 2.912053140E-03
 -5.842127323E+00, 2.913440811E-03
 -5.717092991E+00, 2.914877841E-03
 -5.594317913E+00, 2.916364465E-03
 -5.473764896E+00, 2.917901147E-03
 -5.355398178E+00, 2.919488121E-03
 -5.239182472E+00, 2.921125386E-03
 -5.125082493E+00, 2.922813175E-03
 -5.013063431E+00, 2.924551722E-03
 -4.903090954E+00, 2.926341025E-03
 -4.795131683E+00, 2.928182250E-03
 -4.689151764E+00, 2.930076560E-03
 -4.585118294E+00, 2.932027914E-03
 -4.482998848E+00, 2.934038406E-03
 -4.382761002E+00, 2.936115023E-03
 -4.284373760E+00, 2.938242862E-03
 -4.187804699E+00, 2.940471517E-03
 -4.093023777E+00, 2.942738123E-03
 -3.907920599E+00, 2.946872730E-03
 -3.817852497E+00, 2.949139569E-03
 -3.729748964E+00, 2.951534465E-03
 -3.643565178E+00, 2.953978023E-03
 -3.559256315E+00, 2.956464188E-03
 -3.476779461E+00, 2.958990633E-03
 -3.396091700E+00, 2.961555030E-03
 -3.317151785E+00, 2.964157145E-03
 -3.239918947E+00, 2.966796048E-03
 -3.164353609E+00, 2.969471738E-03
 -3.090416908E+00, 2.972183982E-03
 -3.018070459E+00, 2.974932315E-03
 -2.947277308E+00, 2.977716504E-03
 -2.878000975E+00, 2.980536316E-03
 -2.810205698E+00, 2.983391518E-03
 -2.743856668E+00, 2.986281412E-03
 -2.678919792E+00, 2.989205997E-03
 -2.615361691E+00, 2.992165042E-03
 -2.553149462E+00, 2.995157847E-03
 -2.492251396E+00, 2.998184413E-03
 -2.432635784E+00, 3.001244506E-03
 -2.374272108E+00, 3.004337894E-03
 -2.317130327E+00, 3.007464111E-03
 -2.261180878E+00, 3.010622691E-03
 -2.206395388E+00, 3.013812471E-03
 -2.152745247E+00, 3.017032519E-03
 -2.100203276E+00, 3.020281903E-03
 -2.048741817E+00, 3.023560857E-03
 -1.998334885E+00, 3.026869614E-03
 -1.948956370E+00, 3.030209802E-03
 -1.900580883E+00, 3.033581888E-03
 -1.853183508E+00, 3.036987036E-03
 -1.806739926E+00, 3.040425945E-03
 -1.761226058E+00, 3.043898847E-03
 -1.716618657E+00, 3.047406673E-03
 -1.672894716E+00, 3.050949657E-03
 -1.630031705E+00, 3.054528730E-03
 -1.588007569E+00, 3.058144823E-03
 -1.546800613E+00, 3.061798401E-03
 -1.506389856E+00, 3.065491095E-03
 -1.466754198E+00, 3.069223603E-03
 -1.427873492E+00, 3.072997555E-03
 -1.389727592E+00, 3.076814348E-03
 -1.352296948E+00, 3.080675146E-03
 -1.315562248E+00, 3.084582277E-03
 -1.279504538E+00, 3.088537604E-03
 -1.244105458E+00, 3.092542756E-03
 -1.209346533E+00, 3.096600529E-03
 -1.175209999E+00, 3.100713249E-03
 -1.141678214E+00, 3.104883712E-03
 -1.108734131E+00, 3.109114943E-03
 -1.076360583E+00, 3.113410436E-03
 -1.044541001E+00, 3.117773682E-03
 -1.013258934E+00, 3.122208407E-03
 -9.824983478E-01, 3.126719501E-03
 -9.522433877E-01, 3.131311154E-03
 -9.224784970E-01, 3.135988954E-03
 -8.931883574E-01, 3.140758490E-03
 -8.643579483E-01, 3.145626280E-03
 -8.359723091E-01, 3.150599077E-03
 -8.080168962E-01, 3.155684564E-03
 -7.804773450E-01, 3.160891589E-03
 -7.533394694E-01, 3.166228998E-03
 -7.265893221E-01, 3.171707736E-03
 -7.002130747E-01, 3.177339444E-03
 -6.741971374E-01, 3.183136927E-03
 -6.485282183E-01, 3.189114854E-03
 -6.231930852E-01, 3.195289755E-03
 -5.981786847E-01, 3.201680025E-03
 -5.734720826E-01, 3.208306851E-03
 -5.490606427E-01, 3.215194680E-03
 -5.249317288E-01, 3.222371452E-03
 -5.010730028E-01, 3.229869762E-03
 -4.774721563E-01, 3.237727564E-03
 -4.541170299E-01, 3.245986765E-03
 -4.309956133E-01, 3.254694631E-03
 -4.080959857E-01, 3.263901453E-03
 -3.854064047E-01, 3.273662180E-03
 -3.629151583E-01, 3.284041770E-03
 -3.406107128E-01, 3.295133822E-03
 -3.184815347E-01, 3.307093168E-03
 -2.965162694E-01, 3.320187563E-03
 -2.747035921E-01, 3.334847512E-03
 -2.530322969E-01, 3.351670457E-03
 -2.314912230E-01, 3.371289233E-03
 -2.100692838E-01, 3.393999999E-03
 -1.887554526E-01, 3.419013927E-03
 -1.675387621E-01, 3.443523776E-03
 -1.464083046E-01, 3.461584914E-03
 -1.253531873E-01, 3.464858048E-03
 -1.043625772E-01, 3.443751251E-03
 -8.342568576E-02, 3.398844972E-03
 -6.253172457E-02, 3.333784873E-03
 -4.166994616E-02, 3.366895253E-03
 -2.082961239E-02, 5.755322520E-03
 2.083333395E-02, -4.640085990E-06
 4.166666791E-02, -2.855654202E-06
 6.250000000E-02, 5.176244144E-07
 8.333333582E-02, 3.399300795E-06
 1.041666642E-01, 6.020623459E-06
 1.250000000E-01, 8.604824870E-06
 1.458333284E-01, 1.119467470E-05
 1.666666716E-01, 1.379260266E-05
 1.875000000E-01, 1.635434273E-05
 2.083333284E-01, 1.882867218E-05
 2.291666716E-01, 2.116133692E-05
 2.500000000E-01, 2.330185634E-05
 2.708333433E-01, 2.520517410E-05
 2.916666567E-01, 2.683831917E-05
 3.125000000E-01, 2.818272878E-05
 3.333333433E-01, 2.923369539E-05
 3.541666567E-01, 2.999963363E-05
 3.750000000E-01, 3.050041050E-05
 3.958333433E-01, 3.076475332E-05
 4.166666567E-01, 3.082820331E-05
 4.375000000E-01, 3.073120024E-05
 4.583333433E-01, 3.051667227E-05
 4.791666567E-01, 3.022831879E-05
 5.000000000E-01, 2.990949179E-05
 5.208333135E-01, 2.960163874E-05
 5.416666865E-01, 2.934335680E-05
 5.625000000E-01, 2.916971425E-05
 5.833333135E-01, 2.911143383E-05
 6.041666865E-01, 2.919172402E-05
 6.250000000E-01, 2.943164873E-05
 6.458333135E-01, 2.986622349E-05
 6.666666865E-01, 3.053460750E-05
 6.875000000E-01, 3.145495793E-05
 7.083333135E-01, 3.262362588E-05
 7.291666865E-01, 3.402424773E-05
 7.500000000E-01, 3.563165592E-05
 7.708333135E-01, 3.741524051E-05
 7.916666865E-01, 3.934208507E-05
 8.125000000E-01, 4.137908763E-05
 8.333333135E-01, 4.349375013E-05
 8.541666865E-01, 4.565366908E-05
 8.750000000E-01, 4.782498945E-05
 8.958333135E-01, 4.997034921E-05
 9.166666865E-01, 5.204670742E-05
 9.375000000E-01, 5.400354348E-05
 9.583333135E-01, 5.578162018E-05
 9.791666865E-01, 5.731236524E-05
 1.000000000E+00, 5.851782407E-05
 1.020833373E+00, 5.931106352E-05
 1.041666627E+00, 5.959682312E-05
 1.062500000E+00, 5.927239545E-05
 1.083333373E+00, 5.822908861E-05
 1.104166627E+00, 5.635460548E-05
 1.125000000E+00, 5.353679808E-05
 1.145833373E+00, 4.966878623E-05
 1.166666627E+00, 4.465531310E-05
 1.187500000E+00, 3.841962462E-05
 1.208333373E+00, 3.091006874E-05
 1.229166627E+00, 2.210551793E-05
 1.250000000E+00, 1.201882242E-05
 1.270833373E+00, 6.977367661E-07
 1.291666627E+00, -1.177686954E-05
 1.312500000E+00, -2.529539233E-05
 1.333333373E+00, -3.972604827E-05
 1.354166627E+00, -5.492283162E-05
 1.375000000E+00, -7.073403685E-05
 1.395833373E+00, -8.701051411E-05
 1.416666627E+00, -1.036128815E-04
 1.437500000E+00, -1.204171713E-04
 1.458333373E+00, -1.373185223E-04
 1.479166627E+00, -1.542329410E-04
 1.500000000E+00, -1.710971264E-04
 1.520833373E+00, -1.878670446E-04
 1.541666627E+00, -2.045153087E-04
 1.562500000E+00, -2.210280800E-04
 1.583333373E+00, -2.374018368E-04
 1.604166627E+00, -2.536402899E-04
 1.625000000E+00, -2.697517048E-04
 1.645833373E+00, -2.857469372E-04
 1.666666627E+00, -3.016376286E-04
 1.687500000E+00, -3.174353333E-04
 1.708333373E+00, -3.331506450E-04
 1.729166627E+00, -3.487930808E-04
 1.750000000E+00, -3.643707896E-04
 1.770833373E+00, -3.798905818E-04
 1.791666627E+00, -3.953580454E-04
 1.812500000E+00, -4.107776913E-04
 1.833333373E+00, -4.261529248E-04
 1.854166627E+00, -4.414864234E-04
 1.875000000E+00, -4.567799915E-04
 1.895833373E+00, -4.720347642E-04
 1.916666627E+00, -4.872513819E-04
 1.937500000E+00, -5.024298443E-04
 1.958333373E+00, -5.175697734E-04
 1.979166627E+00, -5.326704704E-04
 2.000000000E+00, -5.477308296E-04
 2.020833254E+00, -5.627495120E-04
 2.041666746E+00, -5.777250044E-04
 2.062500000E+00, -5.926555023E-04
 2.083333254E+00, -6.075392594E-04
 2.104166746E+00, -6.223742384E-04
 2.125000000E+00, -6.371584604E-04
 2.145833254E+00, -6.518898299E-04
 2.166666746E+00, -6.665662513E-04
 2.187500000E+00, -6.811856292E-04
 2.208333254E+00, -6.957458099E-04
 2.229166746E+00, -7.102447562E-04
 2.250000000E+00, -7.246803143E-04
 2.270833254E+00, -7.390504470E-04
 2.291666746E+00, -7.533531170E-04
 2.312500000E+00, -7.675862871E-04
 2.333333254E+00, -7.817480946E-04
 2.354166746E+00, -7.958365022E-04
 2.375000000E+00, -8.098496473E-04
 2.395833254E+00, -8.237856673E-04
 2.416666746E+00, -8.376426413E-04
 2.437500000E+00, -8.514187648E-04
 2.458333254E+00, -8.651122916E-04
 2.479166746E+00, -8.787213010E-04
 2.500000000E+00, -8.922439883E-04
 2.520833254E+00, -9.056785493E-04
 2.541666746E+00, -9.190230630E-04
 2.562500000E+00, -9.322757251E-04
 2.583333254E+00, -9.454344981E-04
 2.604166746E+00, -9.584973450E-04
 2.625000000E+00, -9.714622865E-04
 2.645833254E+00, -9.843271691E-04
 2.666666746E+00, -9.970895480E-04
 2.687500000E+00, -1.009747386E-03
 2.708333254E+00, -1.022298005E-03
 2.729166746E+00, -1.034738845E-03
 2.750000000E+00, -1.047067344E-03
 2.770833254E+00, -1.059280708E-03
 2.791666746E+00, -1.071375911E-03
 2.812500000E+00, -1.083350158E-03
 2.833333254E+00, -1.095200307E-03
 2.854166746E+00, -1.106922980E-03
 2.875000000E+00, -1.118515036E-03
 2.895833254E+00, -1.129973098E-03
 2.916666746E+00, -1.141293673E-03
 2.937500000E+00, -1.152473269E-03
 2.958333254E+00, -1.163508045E-03
 2.979166746E+00, -1.174394274E-03
 3.000000000E+00, -1.185128116E-03
 3.020833254E+00, -1.195705612E-03
 3.041666746E+00, -1.206122572E-03
 3.062500000E+00, -1.216374920E-03
 3.083333254E+00, -1.226458349E-03
 3.104166746E+00, -1.236368553E-03
 3.125000000E+00, -1.246101339E-03
 3.145833254E+00, -1.255652169E-03
 3.166666746E+00, -1.265016850E-03
 3.187500000E+00, -1.274190727E-03
 3.208333254E+00, -1.283169608E-03
 3.229166746E+00, -1.291949069E-03
 3.250000000E+00, -1.300524687E-03
 3.270833254E+00, -1.308892271E-03
 3.291666746E+00, -1.317047398E-03
 3.312500000E+00, -1.324985875E-03
 3.333333254E+00, -1.332703745E-03
 3.354166746E+00, -1.340196584E-03
 3.375000000E+00, -1.347460784E-03
 3.395833254E+00, -1.354492037E-03
 3.416666746E+00, -1.361286733E-03
 3.437500000E+00, -1.367841149E-03
 3.458333254E+00, -1.374151558E-03
 3.479166746E+00, -1.380214351E-03
 3.500000000E+00, -1.386026270E-03
 3.520833254E+00, -1.391583821E-03
 3.541666746E+00, -1.396883978E-03
 3.562500000E+00, -1.401923364E-03
 3.583333254E+00, -1.406699303E-03
 3.604166746E+00, -1.411208767E-03
 3.625000000E+00, -1.415449078E-03
 3.645833254E+00, -1.419417677E-03
 3.666666746E+00, -1.423112233E-03
 3.687500000E+00, -1.426530303E-03
 3.708333254E+00, -1.429670025E-03
 3.729166746E+00, -1.432529185E-03
 3.750000000E+00, -1.435106038E-03
 3.770833254E+00, -1.437398838E-03
 3.791666746E+00, -1.439406071E-03
 3.812500000E+00, -1.441126456E-03
 3.833333254E+00, -1.442558598E-03
 3.854166746E+00, -1.443701331E-03
 3.875000000E+00, -1.444553956E-03
 3.895833254E+00, -1.445115427E-03
 3.916666746E+00, -1.445385395E-03
 3.937500000E+00, -1.445363159E-03
 3.958333254E+00, -1.445048605E-03
 3.979166746E+00, -1.444441383E-03
 4.000000000E+00, -1.443541492E-03
 4.020833492E+00, -1.442349283E-03
 4.041666508E+00, -1.440864755E-03
 4.062500000E+00, -1.439088373E-03
 4.083333492E+00, -1.437020837E-03
 4.104166508E+00, -1.434662729E-03
 4.125000000E+00, -1.432015095E-03
 4.145833492E+00, -1.429078635E-03
 4.166666508E+00, -1.425854629E-03
 4.187500000E+00, -1.422344241E-03
 4.208333492E+00, -1.418548869E-03
 4.229166508E+00, -1.414470025E-03
 4.250000000E+00, -1.410109340E-03
 4.270833492E+00, -1.405468560E-03
 4.291666508E+00, -1.400549547E-03
 4.312500000E+00, -1.395354280E-03
 4.333333492E+00, -1.389884856E-03
 4.354166508E+00, -1.384143485E-03
 4.375000000E+00, -1.378132380E-03
 4.395833492E+00, -1.371854101E-03
 4.416666508E+00, -1.365311095E-03
 4.437500000E+00, -1.358505921E-03
 4.458333492E+00, -1.351441257E-03
 4.479166508E+00, -1.344120130E-03
 4.500000000E+00, -1.336545101E-03
 4.520833492E+00, -1.328719431E-03
 4.541666508E+00, -1.320645912E-03
 4.562500000E+00, -1.312327920E-03
 4.583333492E+00, -1.303768484E-03
 4.604166508E+00, -1.294971094E-03
 4.625000000E+00, -1.285938895E-03
 4.645833492E+00, -1.276675379E-03
 4.666666508E+00, -1.267184038E-03
 4.687500000E+00, -1.257468597E-03
 4.708333492E+00, -1.247532316E-03
 4.729166508E+00, -1.237379271E-03
 4.750000000E+00, -1.227012835E-03
 4.770833492E+00, -1.216436969E-03
 4.791666508E+00, -1.205655397E-03
 4.812500000E+00, -1.194672077E-03
 4.833333492E+00, -1.183490851E-03
 4.854166508E+00, -1.172115561E-03
 4.875000000E+00, -1.160550397E-03
 4.895833492E+00, -1.148799085E-03
 4.916666508E+00, -1.136865816E-03
 4.937500000E+00, -1.124754664E-03
 4.958333492E+00, -1.112469588E-03
 4.979166508E+00, -1.100014662E-03
 5.000000000E+00, -1.087394194E-03
 5.020833492E+00, -1.074612024E-03
 5.041666508E+00, -1.061672578E-03
 5.062500000E+00, -1.048579812E-03
 5.083333492E+00, -1.035337918E-03
 5.104166508E+00, -1.021951088E-03
 5.125000000E+00, -1.008423395E-03
 5.145833492E+00, -9.947591461E-04
 5.166666508E+00, -9.809623007E-04
 5.187500000E+00, -9.670370491E-04
 5.208333492E+00, -9.529875824E-04
 5.229166508E+00, -9.388179751E-04
 5.250000000E+00, -9.245323017E-04
 5.270833492E+00, -9.101347532E-04
 5.291666508E+00, -8.956292877E-04
 5.312500000E+00, -8.810199797E-04
 5.333333492E+00, -8.663109038E-04
 5.354166508E+00, -8.515059599E-04
 5.375000000E+00, -8.366092807E-04
 5.395833492E+00, -8.216247079E-04
 5.416666508E+00, -8.065561997E-04
 5.437500000E+00, -7.914077141E-04
 5.458333492E+00, -7.761830348E-04
 5.479166508E+00, -7.608860615E-04
 5.500000000E+00, -7.455205778E-04
 5.520833492E+00, -7.300903671E-04
 5.541666508E+00, -7.145991549E-04
 5.562500000E+00, -6.990506081E-04
 5.583333492E+00, -6.834484520E-04
 5.604166508E+00, -6.677962374E-04
 5.625000000E+00, -6.520975730E-04
 5.645833492E+00, -6.363559514E-04
 5.666666508E+00, -6.205749814E-04
 5.687500000E+00, -6.047579809E-04
 5.708333492E+00, -5.889085005E-04
 5.729166508E+00, -5.730297416E-04
 5.750000000E+00, -5.571251968E-04
 5.770833492E+00, -5.411980092E-04
 5.791666508E+00, -5.252514966E-04
 5.812500000E+00, -5.092888023E-04
 5.833333492E+00, -4.933131277E-04
 5.854166508E+00, -4.773275286E-04
 5.875000000E+00, -4.613350320E-04
 5.895833492E+00, -4.453387228E-04
 5.916666508E+00, -4.293414822E-04
 5.937500000E+00, -4.133463081E-04
 5.958333492E+00, -3.973559651E-04
 5.979166508E+00, -3.813733638E-04
 6.000000000E+00, -3.654012398E-04
 6.020833492E+00, -3.494422999E-04
 6.041666508E+00, -3.334992507E-04
 6.062500000E+00, -3.175746533E-04
 6.083333492E+00, -3.016711562E-04
 6.104166508E+00, -2.857912041E-04
 6.125000000E+00, -2.699372999E-04
 6.145833492E+00, -2.541118884E-04
 6.166666508E+00, -2.383172687E-04
 6.187500000E+00, -2.225557837E-04
 6.208333492E+00, -2.068297035E-04
 6.229166508E+00, -1.911411964E-04
 6.250000000E+00, -1.754924451E-04
 6.270833492E+00, -1.598855306E-04
 6.291666508E+00, -1.443225046E-04
 6.312500000E+00, -1.288053463E-04
 6.333333492E+00, -1.133359983E-04
 6.354166508E+00, -9.791635239E-05
 6.375000000E+00, -8.254823479E-05
 6.395833492E+00, -6.723342813E-05
 6.416666508E+00, -5.197366409E-05
 6.437500000E+00, -3.677062341E-05
 6.458333492E+00, -2.162593955E-05
 6.479166508E+00, -6.541200491E-06
 6.500000000E+00, 8.482062185E-06
 6.520833492E+00, 2.344235872E-05
 6.541666508E+00, 3.833825031E-05
 6.562500000E+00, 5.316834358E-05
 6.583333492E+00, 6.793129432E-05
 6.604166508E+00, 8.262579649E-05
 6.625000000E+00, 9.725059499E-05
 6.645833492E+00, 1.118044893E-04
 6.666666508E+00, 1.262863079E-04
 6.687500000E+00, 1.406949159E-04
 6.708333492E+00, 1.550292654E-04
 6.729166508E+00, 1.692882943E-04
 6.750000000E+00, 1.834710274E-04
 6.770833492E+00, 1.975765044E-04
 6.791666508E+00, 2.116038086E-04
 6.812500000E+00, 2.255520958E-04
 6.833333492E+00, 2.394205076E-04
 6.854166508E+00, 2.532082726E-04
 6.875000000E+00, 2.669146052E-04
 6.895833492E+00, 2.805388358E-04
 6.916666508E+00, 2.940802369E-04
 6.937500000E+00, 3.075381974E-04
 6.958333492E+00, 3.209121060E-04
 6.979166508E+00, 3.342013515E-04
 7.000000000E+00, 3.474054392E-04
 7.020833492E+00, 3.605238453E-04
 7.041666508E+00, 3.735560458E-04
 7.062500000E+00, 3.865016333E-04
 7.083333492E+00, 3.993602004E-04
 7.104166508E+00, 4.121313104E-04
 7.125000000E+00, 4.248146142E-04
 7.145833492E+00, 4.374097334E-04
 7.166666508E+00, 4.499164061E-04
 7.187500000E+00, 4.623342829E-04
 7.208333492E+00, 4.746631021E-04
 7.229166508E+00, 4.869025724E-04
 7.250000000E+00, 4.990524612E-04
 7.270833492E+00, 5.111125065E-04
 7.291666508E+00, 5.230825045E-04
 7.312500000E+00, 5.349621642E-04
 7.333333492E+00, 5.467513110E-04
 7.354166508E+00, 5.584496539E-04
 7.375000000E+00, 5.700569018E-04
 7.395833492E+00, 5.815728800E-04
 7.416666508E+00, 5.929971230E-04
 7.437500000E+00, 6.043293979E-04
 7.458333492E+00, 6.155692390E-04
 7.479166508E+00, 6.267161225E-04
 7.500000000E+00, 6.377695827E-04
 7.520833492E+00, 6.487288629E-04
 7.541666508E+00, 6.595932646E-04
 7.562500000E+00, 6.703617400E-04
 7.583333492E+00, 6.810332416E-04
 7.604166508E+00, 6.916063721E-04
 7.625000000E+00, 7.020797930E-04
 7.645833492E+00, 7.124515250E-04
 7.666666508E+00, 7.227192400E-04
 7.687500000E+00, 7.328798529E-04
 7.708333492E+00, 7.429294637E-04
 7.729166508E+00, 7.528625429E-04
 7.750000000E+00, 7.626719307E-04
 7.770833492E+00, 7.723475574E-04
 7.791666508E+00, 7.818773738E-04
 7.812500000E+00, 7.912440924E-04
 7.833333492E+00, 8.004385745E-04
 7.854166508E+00, 8.094318910E-04
 7.875000000E+00, 8.182745660E-04
 7.895833492E+00, 8.268450620E-04
 7.916666508E+00, 8.355663158E-04
 7.937500000E+00, 8.433951880E-04
 7.958333492E+00, 8.530711057E-04
 7.979166508E+00, 8.558535483E-04
 8.020837784E+00, 8.691780968E-04
 8.041707993E+00, 8.832787862E-04
 8.062643051E+00, 8.919158718E-04
 8.083677292E+00, 9.023784660E-04
 8.104843140E+00, 9.121251642E-04
 8.126173973E+00, 9.220953216E-04
 8.147702217E+00, 9.318967932E-04
 8.169463158E+00, 9.416475077E-04
 8.191491127E+00, 9.513020050E-04
 8.213819504E+00, 9.608895634E-04
 8.236483574E+00, 9.704219992E-04
 8.259519577E+00, 9.799210820E-04
 8.282963753E+00, 9.894055547E-04
 8.306852341E+00, 9.988938691E-04
 8.331223488E+00, 1.008402440E-03
 8.356115341E+00, 1.017946517E-03
 8.381566048E+00, 1.027539722E-03
 8.407617569E+00, 1.037194626E-03
 8.434309006E+00, 1.046922524E-03
 8.461683273E+00, 1.056734007E-03
 8.489783287E+00, 1.066638622E-03
 8.518652916E+00, 1.076645101E-03
 8.548337936E+00, 1.086761593E-03
 8.578885078E+00, 1.096995315E-03
 8.610342026E+00, 1.107353135E-03
 8.642758369E+00, 1.117840759E-03
 8.676184654E+00, 1.128463540E-03
 8.710673332E+00, 1.139225904E-03
 8.746279716E+00, 1.150131575E-03
 8.783059120E+00, 1.161183580E-03
 8.821068764E+00, 1.172384131E-03
 8.860368729E+00, 1.183734508E-03
 8.901021957E+00, 1.195235178E-03
 8.943090439E+00, 1.206886023E-03
 8.986641884E+00, 1.218685531E-03
 9.031744003E+00, 1.230631722E-03
 9.078467369E+00, 1.242721220E-03
 9.126886368E+00, 1.254950068E-03
 9.177076340E+00, 1.267312793E-03
 9.229115486E+00, 1.279803342E-03
 9.283087730E+00, 1.292414614E-03
 9.339076042E+00, 1.305138227E-03
 9.397169113E+00, 1.317964401E-03
 9.457458496E+00, 1.330882777E-03
 9.520038605E+00, 1.343882177E-03
 9.585007668E+00, 1.356949913E-03
 9.652467728E+00, 1.370072132E-03
 9.722525597E+00, 1.383234048E-03
 9.795290947E+00, 1.396420877E-03
 9.870877266E+00, 1.409616205E-03
 9.949404716E+00, 1.422801986E-03
 1.003099632E+01, 1.435960876E-03
 1.011577988E+01, 1.449074829E-03
 1.020388889E+01, 1.462123822E-03
 1.029546165E+01, 1.475088764E-03
 1.039064312E+01, 1.487950329E-03
 1.048958111E+01, 1.500687795E-03
 1.059243298E+01, 1.513281488E-03
 1.069935894E+01, 1.525711967E-03
 1.081052780E+01, 1.537959324E-03
 1.092611408E+01, 1.550005400E-03
 1.104629993E+01, 1.561832032E-03
 1.117127323E+01, 1.573422924E-03
 1.130123138E+01, 1.584762591E-03
 1.143637753E+01, 1.595837879E-03
 1.157692528E+01, 1.606637612E-03
 1.172309589E+01, 1.617152710E-03
 1.187511730E+01, 1.627376769E-03
 1.203322983E+01, 1.637305715E-03
 1.219768143E+01, 1.646938268E-03
 1.236873055E+01, 1.656275475E-03
 1.254664707E+01, 1.665320364E-03
 1.273170948E+01, 1.674078288E-03
 1.292420864E+01, 1.682555769E-03
 1.312444782E+01, 1.690760837E-03
 1.333274078E+01, 1.698701992E-03
 1.354941559E+01, 1.706389594E-03
 1.377481365E+01, 1.713834936E-03
 1.400928783E+01, 1.721050125E-03
 1.425320625E+01, 1.728048432E-03
 1.450695419E+01, 1.734844758E-03
 1.477092934E+01, 1.741455635E-03
 1.504554653E+01, 1.747898757E-03
 1.533123779E+01, 1.754193683E-03
 1.562845230E+01, 1.760360901E-03
 1.593765640E+01, 1.766421366E-03
 1.625933647E+01, 1.772398013E-03
 1.659399796E+01, 1.778315403E-03
 1.694216728E+01, 1.784199500E-03
 1.730439186E+01, 1.790073933E-03
 1.768124008E+01, 1.795952674E-03
 1.807330704E+01, 1.801827224E-03
 1.848120499E+01, 1.807666966E-03
 1.890557671E+01, 1.813450013E-03
 1.934708977E+01, 1.819189172E-03
 1.980643654E+01, 1.824918552E-03
 2.028434181E+01, 1.830669004E-03
 2.078155327E+01, 1.836456941E-03
 2.129885483E+01, 1.842286554E-03
 2.183706093E+01, 1.848164015E-03
 2.239701271E+01, 1.854102127E-03
 2.297959518E+01, 1.860109740E-03
 2.358572006E+01, 1.866192208E-03
 2.421634293E+01, 1.872354653E-03
 2.487245369E+01, 1.878606505E-03
 2.555508423E+01, 1.884960220E-03
 2.626530647E+01, 1.891424414E-03
 2.700423813E+01, 1.897998853E-03
 2.777303886E+01, 1.904674573E-03
 2.857291985E+01, 1.911447849E-03
 2.940513420E+01, 1.918322640E-03
 3.027099419E+01, 1.925298013E-03
 3.117185783E+01, 1.932362444E-03
 3.210914230E+01, 1.939494978E-03
 3.308432007E+01, 1.946674776E-03
 3.409892273E+01, 1.953889849E-03
 3.515454865E+01, 1.961122500E-03
 3.625285339E+01, 1.968334662E-03
 3.739556503E+01, 1.975446241E-03
 3.858448029E+01, 1.982359448E-03
 3.982146835E+01, 1.988880336E-03
 4.110846710E+01, 1.994930208E-03
 4.244750977E+01, 1.999735367E-03
 4.384069061E+01, 2.004266251E-03
 4.529020691E+01, 2.004332375E-03
 4.679833603E+01, 2.005490474E-03
 4.836744308E+01, 1.996084582E-03