# Pressure coefficient results from CFL3D, Re_H=36,000, SST model
# Cp values have been shifted so that Cp is close to 0 near x/H=40
x,cp
 -1.300000000E+02, -3.444001079E-02
 -1.266600037E+02, -3.445997834E-02
 -1.238700027E+02, -3.449997306E-02
 -1.215400009E+02, -3.453001380E-02
 -1.195800018E+02, -3.455999494E-02
 -1.179499969E+02, -3.458997607E-02
 -1.165800018E+02, -3.461000323E-02
 -1.154199982E+02, -3.458997607E-02
 -1.144400024E+02, -3.453001380E-02
 -1.136100006E+02, -3.441998363E-02
 -1.129000015E+02, -3.424999118E-02
 -1.122799988E+02, -3.401002288E-02
 -1.117399979E+02, -3.353002667E-02
 -1.112600021E+02, -3.212997317E-02
 -1.108199997E+02, -2.870997600E-02
 -1.104000015E+02, -2.352002077E-02
 -1.100000000E+02, -2.716001682E-02
 -1.095999985E+02, -3.870001435E-02
 -1.091900024E+02, -4.249998927E-02
 -1.087799988E+02, -4.162999988E-02
 -1.083600006E+02, -4.216000438E-02
 -1.079400024E+02, -4.257997870E-02
 -1.075100021E+02, -4.318001866E-02
 -1.070800018E+02, -4.380002618E-02
 -1.066399994E+02, -4.444000125E-02
 -1.061999969E+02, -4.507997632E-02
 -1.057500000E+02, -4.572001100E-02
 -1.053000031E+02, -4.636999965E-02
 -1.048399963E+02, -4.700997472E-02
 -1.043799973E+02, -4.766002297E-02
 -1.039100037E+02, -4.831001163E-02
 -1.034300003E+02, -4.896000028E-02
 -1.029499969E+02, -4.962000251E-02
 -1.024700012E+02, -5.025997758E-02
 -1.019800034E+02, -5.091997981E-02
 -1.014800034E+02, -5.157998204E-02
 -1.009800034E+02, -5.223998427E-02
 -1.004700012E+02, -5.288997293E-02
 -9.996099854E+01, -5.354997516E-02
 -9.944499969E+01, -5.420997739E-02
 -9.892400360E+01, -5.486997962E-02
 -9.839700317E+01, -5.552002788E-02
 -9.786599731E+01, -5.618998408E-02
 -9.732900238E+01, -5.684998631E-02
 -9.678800201E+01, -5.750998855E-02
 -9.624199677E+01, -5.816999078E-02
 -9.569100189E+01, -5.882999301E-02
 -9.513500214E+01, -5.950000882E-02
 -9.457399750E+01, -6.016001105E-02
 -9.400900269E+01, -6.082001328E-02
 -9.343900299E+01, -6.149002910E-02
 -9.286399841E+01, -6.215003133E-02
 -9.228500366E+01, -6.280997396E-02
 -9.170099640E+01, -6.347998977E-02
 -9.111299896E+01, -6.415000558E-02
 -9.052100372E+01, -6.482002139E-02
 -8.992500305E+01, -6.548997760E-02
 -8.932399750E+01, -6.617000699E-02
 -8.871900177E+01, -6.684997678E-02
 -8.811000061E+01, -6.751999259E-02
 -8.749800110E+01, -6.820002198E-02
 -8.688099670E+01, -6.887999177E-02
 -8.626100159E+01, -6.955000758E-02
 -8.563700104E+01, -7.023999095E-02
 -8.501000214E+01, -7.092002034E-02
 -8.437899780E+01, -7.159999013E-02
 -8.374500275E+01, -7.228997350E-02
 -8.310700226E+01, -7.297000289E-02
 -8.246600342E+01, -7.365998626E-02
 -8.182299805E+01, -7.434001565E-02
 -8.117600250E+01, -7.501998544E-02
 -8.052700043E+01, -7.571998239E-02
 -7.987500000E+01, -7.640001178E-02
 -7.922000122E+01, -7.707998157E-02
 -7.856300354E+01, -7.777002454E-02
 -7.790299988E+01, -7.843998075E-02
 -7.724199677E+01, -7.913002372E-02
 -7.657800293E+01, -7.980999351E-02
 -7.591200256E+01, -8.049002290E-02
 -7.524500275E+01, -8.116999269E-02
 -7.457499695E+01, -8.185002208E-02
 -7.390399933E+01, -8.252999187E-02
 -7.323200226E+01, -8.320000768E-02
 -7.255799866E+01, -8.387997746E-02
 -7.188300323E+01, -8.454999328E-02
 -7.120800018E+01, -8.522000909E-02
 -7.053099823E+01, -8.589002490E-02
 -6.985299683E+01, -8.655998111E-02
 -6.917500305E+01, -8.724001050E-02
 -6.849600220E+01, -8.791002631E-02
 -6.781700134E+01, -8.858999610E-02
 -6.713800049E+01, -8.924999833E-02
 -6.645800018E+01, -8.992001414E-02
 -6.577899933E+01, -9.058001637E-02
 -6.509899902E+01, -9.124001861E-02
 -6.441999817E+01, -9.190002084E-02
 -6.374200058E+01, -9.255000949E-02
 -6.306399918E+01, -9.321001172E-02
 -6.238700104E+01, -9.386000037E-02
 -6.171099854E+01, -9.450998902E-02
 -6.103499985E+01, -9.515997767E-02
 -6.036100006E+01, -9.580001235E-02
 -5.968799973E+01, -9.643998742E-02
 -5.901699829E+01, -9.707000852E-02
 -5.834700012E+01, -9.770002961E-02
 -5.767900085E+01, -9.832999110E-02
 -5.701200104E+01, -9.894999862E-02
 -5.634799957E+01, -9.957000613E-02
 -5.568500137E+01, -1.001900136E-01
 -5.502500153E+01, -1.008100212E-01
 -5.436700058E+01, -1.014200151E-01
 -5.371099854E+01, -1.020300090E-01
 -5.305799866E+01, -1.026400030E-01
 -5.240800095E+01, -1.032499969E-01
 -5.175999832E+01, -1.038499773E-01
 -5.111500168E+01, -1.044600308E-01
 -5.047299957E+01, -1.050499976E-01
 -4.983499908E+01, -1.056400239E-01
 -4.919900131E+01, -1.062299907E-01
 -4.856700134E+01, -1.068100035E-01
 -4.793799973E+01, -1.073900163E-01
 -4.731299973E+01, -1.079600155E-01
 -4.669100189E+01, -1.085300148E-01
 -4.607400131E+01, -1.091000140E-01
 -4.545899963E+01, -1.096499860E-01
 -4.484899902E+01, -1.102100313E-01
 -4.424300003E+01, -1.107600033E-01
 -4.364099884E+01, -1.113000214E-01
 -4.304299927E+01, -1.118399799E-01
 -4.244900131E+01, -1.123699844E-01
 -4.185900116E+01, -1.128999889E-01
 -4.127399826E+01, -1.134199798E-01
 -4.069300079E+01, -1.139300168E-01
 -4.011700058E+01, -1.144500077E-01
 -3.954499817E+01, -1.149500310E-01
 -3.897800064E+01, -1.154499948E-01
 -3.841500092E+01, -1.159500182E-01
 -3.785800171E+01, -1.164499819E-01
 -3.730500031E+01, -1.169299781E-01
 -3.675699997E+01, -1.174099743E-01
 -3.621300125E+01, -1.178900301E-01
 -3.567499924E+01, -1.183700264E-01
 -3.514199829E+01, -1.188400090E-01
 -3.461299896E+01, -1.192999780E-01
 -3.409000015E+01, -1.197600067E-01
 -3.357199860E+01, -1.202000082E-01
 -3.305899811E+01, -1.206400096E-01
 -3.255099869E+01, -1.210900247E-01
 -3.204800034E+01, -1.215200126E-01
 -3.154999924E+01, -1.219500005E-01
 -3.105800056E+01, -1.223699749E-01
 -3.057099915E+01, -1.227799952E-01
 -3.008900070E+01, -1.232000291E-01
 -2.961199951E+01, -1.236099899E-01
 -2.913999939E+01, -1.240099967E-01
 -2.867399979E+01, -1.244100034E-01
 -2.821299934E+01, -1.247999966E-01
 -2.775799942E+01, -1.251799762E-01
 -2.730699921E+01, -1.255600154E-01
 -2.686199951E+01, -1.259399951E-01
 -2.642200089E+01, -1.263100207E-01
 -2.598800087E+01, -1.266799867E-01
 -2.555800056E+01, -1.270500124E-01
 -2.513400078E+01, -1.274000108E-01
 -2.471500015E+01, -1.277600229E-01
 -2.430200005E+01, -1.281199753E-01
 -2.389299965E+01, -1.284699738E-01
 -2.348999977E+01, -1.288100183E-01
 -2.309199905E+01, -1.291500032E-01
 -2.269899940E+01, -1.294899881E-01
 -2.231100082E+01, -1.298200190E-01
 -2.192799950E+01, -1.301499903E-01
 -2.155100060E+01, -1.304700077E-01
 -2.117799950E+01, -1.307900250E-01
 -2.081100082E+01, -1.311099827E-01
 -2.044799995E+01, -1.314099729E-01
 -2.009099960E+01, -1.317199767E-01
 -1.973800087E+01, -1.320200264E-01
 -1.939100075E+01, -1.323200166E-01
 -1.904800034E+01, -1.326099932E-01
 -1.870999908E+01, -1.329000294E-01
 -1.837700081E+01, -1.332000196E-01
 -1.804800034E+01, -1.334799826E-01
 -1.772500038E+01, -1.337600052E-01
 -1.740600014E+01, -1.340300143E-01
 -1.709199905E+01, -1.343099773E-01
 -1.678199959E+01, -1.345799863E-01
 -1.647699928E+01, -1.348499954E-01
 -1.617700005E+01, -1.351200044E-01
 -1.588099957E+01, -1.353799999E-01
 -1.558899975E+01, -1.356299818E-01
 -1.530200005E+01, -1.358899772E-01
 -1.501900005E+01, -1.361400187E-01
 -1.474100018E+01, -1.364000142E-01
 -1.446700001E+01, -1.366399825E-01
 -1.419699955E+01, -1.368900239E-01
 -1.393099976E+01, -1.371299922E-01
 -1.367000008E+01, -1.373700202E-01
 -1.341199970E+01, -1.376099885E-01
 -1.315900040E+01, -1.378500164E-01
 -1.290999985E+01, -1.380800307E-01
 -1.266499996E+01, -1.383199990E-01
 -1.242300034E+01, -1.385500133E-01
 -1.218599987E+01, -1.387800276E-01
 -1.195199966E+01, -1.390199959E-01
 -1.172200012E+01, -1.392500103E-01
 -1.149600029E+01, -1.394800246E-01
 -1.127400017E+01, -1.397099793E-01
 -1.105500031E+01, -1.399399936E-01
 -1.084000015E+01, -1.401700079E-01
 -1.062800026E+01, -1.404000223E-01
 -1.042000008E+01, -1.406299770E-01
 -1.021599960E+01, -1.408599913E-01
 -1.001399994E+01, -1.411000192E-01
 -9.816599846E+00, -1.413299739E-01
 -9.622099876E+00, -1.415599883E-01
 -9.430899620E+00, -1.418000162E-01
 -9.243000031E+00, -1.420300305E-01
 -9.058300018E+00, -1.422599852E-01
 -8.876700401E+00, -1.425000131E-01
 -8.698300362E+00, -1.427399814E-01
 -8.522899628E+00, -1.429800093E-01
 -8.350500107E+00, -1.432199776E-01
 -8.181099892E+00, -1.434700191E-01
 -8.014699936E+00, -1.437200010E-01
 -7.851099968E+00, -1.439600289E-01
 -7.690400124E+00, -1.442200243E-01
 -7.532499790E+00, -1.444700062E-01
 -7.377399921E+00, -1.447300017E-01
 -7.224999905E+00, -1.449899971E-01
 -7.075300217E+00, -1.452499926E-01
 -6.928199768E+00, -1.455099881E-01
 -6.783800125E+00, -1.457799971E-01
 -6.641900063E+00, -1.460500062E-01
 -6.502500057E+00, -1.463300288E-01
 -6.365600109E+00, -1.465999782E-01
 -6.231200218E+00, -1.468800008E-01
 -6.099100113E+00, -1.471699774E-01
 -5.969500065E+00, -1.474600136E-01
 -5.842100143E+00, -1.477499902E-01
 -5.717100143E+00, -1.480400264E-01
 -5.594299793E+00, -1.483400166E-01
 -5.473800182E+00, -1.486299932E-01
 -5.355400085E+00, -1.489399970E-01
 -5.239200115E+00, -1.492500007E-01
 -5.125100136E+00, -1.495600045E-01
 -5.013100147E+00, -1.498700082E-01
 -4.903100014E+00, -1.501900256E-01
 -4.795100212E+00, -1.505199969E-01
 -4.689199924E+00, -1.508400142E-01
 -4.585100174E+00, -1.511699855E-01
 -4.482999802E+00, -1.515100300E-01
 -4.382800102E+00, -1.518400013E-01
 -4.284399986E+00, -1.521899998E-01
 -4.187799931E+00, -1.525299847E-01
 -4.092999935E+00, -1.528899968E-01
 -4.000000000E+00, -1.530700028E-01
 -4.000000000E+00, -1.534300148E-01
 -3.907900095E+00, -1.536000073E-01
 -3.817899942E+00, -1.539600194E-01
 -3.729700089E+00, -1.543200314E-01
 -3.643599987E+00, -1.546899974E-01
 -3.559299946E+00, -1.550500095E-01
 -3.476799965E+00, -1.554199755E-01
 -3.396100044E+00, -1.558000147E-01
 -3.317199945E+00, -1.561699808E-01
 -3.239900112E+00, -1.565500200E-01
 -3.164400101E+00, -1.569299996E-01
 -3.090399981E+00, -1.573099792E-01
 -3.018100023E+00, -1.576999724E-01
 -2.947299957E+00, -1.580900252E-01
 -2.878000021E+00, -1.584700048E-01
 -2.810199976E+00, -1.588599980E-01
 -2.743900061E+00, -1.592600048E-01
 -2.678900003E+00, -1.596499979E-01
 -2.615400076E+00, -1.600399911E-01
 -2.553100109E+00, -1.604399979E-01
 -2.492300034E+00, -1.608400047E-01
 -2.432600021E+00, -1.612400115E-01
 -2.374300003E+00, -1.616400182E-01
 -2.317100048E+00, -1.620400250E-01
 -2.261199951E+00, -1.624499857E-01
 -2.206399918E+00, -1.628600061E-01
 -2.152699947E+00, -1.632700264E-01
 -2.100199938E+00, -1.636699736E-01
 -2.048700094E+00, -1.640799940E-01
 -1.998299956E+00, -1.645000279E-01
 -1.949000001E+00, -1.648999751E-01
 -1.900599957E+00, -1.653200090E-01
 -1.853199959E+00, -1.657300293E-01
 -1.806699991E+00, -1.661500037E-01
 -1.761199951E+00, -1.665600240E-01
 -1.716599941E+00, -1.669799984E-01
 -1.672899961E+00, -1.673999727E-01
 -1.629999995E+00, -1.678200066E-01
 -1.588000059E+00, -1.682399809E-01
 -1.546800017E+00, -1.686700284E-01
 -1.506399989E+00, -1.690900028E-01
 -1.466799974E+00, -1.695199907E-01
 -1.427899957E+00, -1.699499786E-01
 -1.389700055E+00, -1.703800261E-01
 -1.352300048E+00, -1.708000004E-01
 -1.315600038E+00, -1.712299883E-01
 -1.279500008E+00, -1.716699898E-01
 -1.244099975E+00, -1.721099913E-01
 -1.209300041E+00, -1.725399792E-01
 -1.175199986E+00, -1.729799807E-01
 -1.141700029E+00, -1.734199822E-01
 -1.108700037E+00, -1.738699973E-01
 -1.076400042E+00, -1.743099988E-01
 -1.044499993E+00, -1.747600138E-01
 -1.013299942E+00, -1.752100289E-01
 -9.825000167E-01, -1.756599844E-01
 -9.522399902E-01, -1.761200130E-01
 -9.224799871E-01, -1.765799820E-01
 -8.931900263E-01, -1.770500243E-01
 -8.643599749E-01, -1.775200069E-01
 -8.359699845E-01, -1.779899895E-01
 -8.080199957E-01, -1.784699857E-01
 -7.804800272E-01, -1.789499819E-01
 -7.533400059E-01, -1.794399917E-01
 -7.265899777E-01, -1.799400151E-01
 -7.002099752E-01, -1.804300249E-01
 -6.741999984E-01, -1.809400022E-01
 -6.485300064E-01, -1.814599931E-01
 -6.231899858E-01, -1.819700301E-01
 -5.981799960E-01, -1.824999750E-01
 -5.734699965E-01, -1.830500066E-01
 -5.490599871E-01, -1.835999787E-01
 -5.249300003E-01, -1.841600239E-01
 -5.010700226E-01, -1.847300231E-01
 -4.774700105E-01, -1.853199899E-01
 -4.541200101E-01, -1.859200299E-01
 -4.309999943E-01, -1.865399778E-01
 -4.081000090E-01, -1.871800125E-01
 -3.854100108E-01, -1.878400147E-01
 -3.629199862E-01, -1.885199845E-01
 -3.406099975E-01, -1.892299950E-01
 -3.184800148E-01, -1.899699867E-01
 -2.965199947E-01, -1.907300055E-01
 -2.746999860E-01, -1.915300190E-01
 -2.530300021E-01, -1.923700273E-01
 -2.314900011E-01, -1.932400167E-01
 -2.100699991E-01, -1.941700280E-01
 -1.887599975E-01, -1.951700151E-01
 -1.675399989E-01, -1.963100135E-01
 -1.464100033E-01, -1.976800263E-01
 -1.253499985E-01, -1.993500292E-01
 -1.043599993E-01, -2.014199793E-01
 -8.342599869E-02, -2.037099898E-01
 -6.253200024E-02, -2.064100206E-01
 -4.166999832E-02, -2.079699934E-01
 -2.082999982E-02, -2.136799991E-01
 0.000000000E+00, -2.194000185E-01
 0.000000000E+00, -1.964299977E-01
 2.083300054E-02, -1.963900030E-01
 4.166699946E-02, -1.963699758E-01
 6.250000000E-02, -1.963900030E-01
 8.333300054E-02, -1.964199841E-01
 1.041700020E-01, -1.964400113E-01
 1.250000000E-01, -1.964500248E-01
 1.458300054E-01, -1.964599788E-01
 1.666699946E-01, -1.964699924E-01
 1.875000000E-01, -1.964800060E-01
 2.083300054E-01, -1.964900196E-01
 2.291699946E-01, -1.964999735E-01
 2.500000000E-01, -1.965200007E-01
 2.708300054E-01, -1.965300143E-01
 2.916699946E-01, -1.965499818E-01
 3.125000000E-01, -1.965700090E-01
 3.333300054E-01, -1.965899765E-01
 3.541699946E-01, -1.966100037E-01
 3.750000000E-01, -1.966200173E-01
 3.958300054E-01, -1.966300309E-01
 4.166699946E-01, -1.966600120E-01
 4.375000000E-01, -1.966600120E-01
 4.583300054E-01, -1.966799796E-01
 4.791699946E-01, -1.966899931E-01
 5.000000000E-01, -1.967000067E-01
 5.208299756E-01, -1.967100203E-01
 5.416700244E-01, -1.967199743E-01
 5.625000000E-01, -1.967400014E-01
 5.833299756E-01, -1.967400014E-01
 6.041700244E-01, -1.967500150E-01
 6.250000000E-01, -1.967600286E-01
 6.458299756E-01, -1.967699826E-01
 6.666700244E-01, -1.967799962E-01
 6.875000000E-01, -1.967900097E-01
 7.083299756E-01, -1.968099773E-01
 7.291700244E-01, -1.968199909E-01
 7.500000000E-01, -1.968400180E-01
 7.708299756E-01, -1.968599856E-01
 7.916700244E-01, -1.968800128E-01
 8.125000000E-01, -1.969099939E-01
 8.333299756E-01, -1.969399750E-01
 8.541700244E-01, -1.969800293E-01
 8.750000000E-01, -1.970200241E-01
 8.958299756E-01, -1.970600188E-01
 9.166700244E-01, -1.971100271E-01
 9.375000000E-01, -1.971699893E-01
 9.583299756E-01, -1.972199976E-01
 9.791700244E-01, -1.972999871E-01
 1.000000000E+00, -1.973700225E-01
 1.020799994E+00, -1.974600255E-01
 1.041700006E+00, -1.975500286E-01
 1.062500000E+00, -1.976599991E-01
 1.083299994E+00, -1.977799833E-01
 1.104200006E+00, -1.979099810E-01
 1.125000000E+00, -1.980499923E-01
 1.145799994E+00, -1.982100308E-01
 1.166700006E+00, -1.983800232E-01
 1.187500000E+00, -1.985699832E-01
 1.208299994E+00, -1.987700164E-01
 1.229200006E+00, -1.989900172E-01
 1.250000000E+00, -1.992199719E-01
 1.270799994E+00, -1.994700134E-01
 1.291700006E+00, -1.997300088E-01
 1.312500000E+00, -2.000000179E-01
 1.333299994E+00, -2.002600133E-01
 1.354200006E+00, -2.005499899E-01
 1.375000000E+00, -2.008300126E-01
 1.395799994E+00, -2.011199892E-01
 1.416700006E+00, -2.014199793E-01
 1.437500000E+00, -2.017100155E-01
 1.458299994E+00, -2.020100057E-01
 1.479200006E+00, -2.022999823E-01
 1.500000000E+00, -2.025900185E-01
 1.520799994E+00, -2.028799951E-01
 1.541700006E+00, -2.031600177E-01
 1.562500000E+00, -2.034399807E-01
 1.583299994E+00, -2.037099898E-01
 1.604200006E+00, -2.039900124E-01
 1.625000000E+00, -2.042500079E-01
 1.645799994E+00, -2.045100033E-01
 1.666700006E+00, -2.047699988E-01
 1.687500000E+00, -2.050199807E-01
 1.708299994E+00, -2.052600086E-01
 1.729200006E+00, -2.054900229E-01
 1.750000000E+00, -2.057100236E-01
 1.770799994E+00, -2.059399784E-01
 1.791700006E+00, -2.061500251E-01
 1.812500000E+00, -2.063499987E-01
 1.833299994E+00, -2.065599859E-01
 1.854200006E+00, -2.067500055E-01
 1.875000000E+00, -2.069300115E-01
 1.895799994E+00, -2.071000040E-01
 1.916700006E+00, -2.072699964E-01
 1.937500000E+00, -2.074299753E-01
 1.958299994E+00, -2.075800002E-01
 1.979200006E+00, -2.077200115E-01
 2.000000000E+00, -2.078500092E-01
 2.020800114E+00, -2.079699934E-01
 2.041699886E+00, -2.080800235E-01
 2.062500000E+00, -2.081799805E-01
 2.083300114E+00, -2.082799971E-01
 2.104199886E+00, -2.083599865E-01
 2.125000000E+00, -2.084200084E-01
 2.145800114E+00, -2.084899843E-01
 2.166699886E+00, -2.085299790E-01
 2.187500000E+00, -2.085699737E-01
 2.208300114E+00, -2.086000144E-01
 2.229199886E+00, -2.086100280E-01
 2.250000000E+00, -2.086100280E-01
 2.270800114E+00, -2.086000144E-01
 2.291699886E+00, -2.085799873E-01
 2.312500000E+00, -2.085500062E-01
 2.333300114E+00, -2.085100114E-01
 2.354199886E+00, -2.084499896E-01
 2.375000000E+00, -2.083800137E-01
 2.395800114E+00, -2.083000243E-01
 2.416699886E+00, -2.082000077E-01
 2.437500000E+00, -2.080899775E-01
 2.458300114E+00, -2.079699934E-01
 2.479199886E+00, -2.078299820E-01
 2.500000000E+00, -2.076900303E-01
 2.520800114E+00, -2.075299919E-01
 2.541699886E+00, -2.073399723E-01
 2.562500000E+00, -2.071600258E-01
 2.583300114E+00, -2.069499791E-01
 2.604199886E+00, -2.067299783E-01
 2.625000000E+00, -2.065000236E-01
 2.645800114E+00, -2.062499821E-01
 2.666699886E+00, -2.059899867E-01
 2.687500000E+00, -2.057199776E-01
 2.708300114E+00, -2.054300010E-01
 2.729199886E+00, -2.051300108E-01
 2.750000000E+00, -2.048099935E-01
 2.770800114E+00, -2.044599950E-01
 2.791699886E+00, -2.041099966E-01
 2.812500000E+00, -2.037499845E-01
 2.833300114E+00, -2.033599913E-01
 2.854199886E+00, -2.029599845E-01
 2.875000000E+00, -2.025599778E-01
 2.895800114E+00, -2.021299899E-01
 2.916699886E+00, -2.016799748E-01
 2.937500000E+00, -2.012200058E-01
 2.958300114E+00, -2.007400095E-01
 2.979199886E+00, -2.002399862E-01
 3.000000000E+00, -1.997300088E-01
 3.020800114E+00, -1.992000043E-01
 3.041699886E+00, -1.986599863E-01
 3.062500000E+00, -1.981000006E-01
 3.083300114E+00, -1.975199878E-01
 3.104199886E+00, -1.969300210E-01
 3.125000000E+00, -1.963200271E-01
 3.145800114E+00, -1.956900060E-01
 3.166699886E+00, -1.950500309E-01
 3.187500000E+00, -1.943900287E-01
 3.208300114E+00, -1.936999857E-01
 3.229199886E+00, -1.929999888E-01
 3.250000000E+00, -1.922899783E-01
 3.270800114E+00, -1.915600002E-01
 3.291699886E+00, -1.908099949E-01
 3.312500000E+00, -1.900499761E-01
 3.333300114E+00, -1.892699897E-01
 3.354199886E+00, -1.884699762E-01
 3.375000000E+00, -1.876600087E-01
 3.395800114E+00, -1.868200004E-01
 3.416699886E+00, -1.859699786E-01
 3.437500000E+00, -1.850999892E-01
 3.458300114E+00, -1.842199862E-01
 3.479199886E+00, -1.833200157E-01
 3.500000000E+00, -1.824000180E-01
 3.520800114E+00, -1.814700067E-01
 3.541699886E+00, -1.805299819E-01
 3.562500000E+00, -1.795599759E-01
 3.583300114E+00, -1.785800159E-01
 3.604199886E+00, -1.775800288E-01
 3.625000000E+00, -1.765700281E-01
 3.645800114E+00, -1.755299866E-01
 3.666699886E+00, -1.744900048E-01
 3.687500000E+00, -1.734299958E-01
 3.708300114E+00, -1.723599732E-01
 3.729199886E+00, -1.712699831E-01
 3.750000000E+00, -1.701600254E-01
 3.770800114E+00, -1.690500081E-01
 3.791699886E+00, -1.679200232E-01
 3.812500000E+00, -1.667700112E-01
 3.833300114E+00, -1.656099856E-01
 3.854199886E+00, -1.644400060E-01
 3.875000000E+00, -1.632499993E-01
 3.895800114E+00, -1.620499790E-01
 3.916699886E+00, -1.608400047E-01
 3.937500000E+00, -1.596200168E-01
 3.958300114E+00, -1.583800018E-01
 3.979199886E+00, -1.571299732E-01
 4.000000000E+00, -1.558699906E-01
 4.020800114E+00, -1.546100080E-01
 4.041699886E+00, -1.533299983E-01
 4.062500000E+00, -1.520399749E-01
 4.083300114E+00, -1.507399976E-01
 4.104199886E+00, -1.494300067E-01
 4.125000000E+00, -1.480999887E-01
 4.145800114E+00, -1.467700303E-01
 4.166699886E+00, -1.454299986E-01
 4.187500000E+00, -1.440900266E-01
 4.208300114E+00, -1.427300274E-01
 4.229199886E+00, -1.413700283E-01
 4.250000000E+00, -1.400000155E-01
 4.270800114E+00, -1.386199892E-01
 4.291699886E+00, -1.372300088E-01
 4.312500000E+00, -1.358400285E-01
 4.333300114E+00, -1.344499886E-01
 4.354199886E+00, -1.330399811E-01
 4.375000000E+00, -1.316399872E-01
 4.395800114E+00, -1.302200258E-01
 4.416699886E+00, -1.288000047E-01
 4.437500000E+00, -1.273799837E-01
 4.458300114E+00, -1.259600222E-01
 4.479199886E+00, -1.245199740E-01
 4.500000000E+00, -1.230899990E-01
 4.520800114E+00, -1.216600239E-01
 4.541699886E+00, -1.202100217E-01
 4.562500000E+00, -1.187699735E-01
 4.583300114E+00, -1.173299849E-01
 4.604199886E+00, -1.158899963E-01
 4.625000000E+00, -1.144399941E-01
 4.645800114E+00, -1.129899919E-01
 4.666699886E+00, -1.115399897E-01
 4.687500000E+00, -1.100899875E-01
 4.708300114E+00, -1.086499989E-01
 4.729199886E+00, -1.071999967E-01
 4.750000000E+00, -1.057499945E-01
 4.770800114E+00, -1.042999923E-01
 4.791699886E+00, -1.028600037E-01
 4.812500000E+00, -1.014100015E-01
 4.833300114E+00, -9.997001290E-02
 4.854199886E+00, -9.853997827E-02
 4.875000000E+00, -9.709998965E-02
 4.895800114E+00, -9.567001462E-02
 4.916699886E+00, -9.423997998E-02
 4.937500000E+00, -9.281000495E-02
 4.958300114E+00, -9.138998389E-02
 4.979199886E+00, -8.997002244E-02
 5.000000000E+00, -8.855000138E-02
 5.020800114E+00, -8.713999391E-02
 5.041699886E+00, -8.572998643E-02
 5.062500000E+00, -8.434000611E-02
 5.083300114E+00, -8.294001222E-02
 5.104199886E+00, -8.154997230E-02
 5.125000000E+00, -8.017000556E-02
 5.145800114E+00, -7.878997922E-02
 5.166699886E+00, -7.742002606E-02
 5.187500000E+00, -7.605001330E-02
 5.208300114E+00, -7.469001412E-02
 5.229199886E+00, -7.334002852E-02
 5.250000000E+00, -7.199999690E-02
 5.270800114E+00, -7.066002488E-02
 5.291699886E+00, -6.933000684E-02
 5.312500000E+00, -6.801000237E-02
 5.333300114E+00, -6.668999791E-02
 5.354199886E+00, -6.538000703E-02
 5.375000000E+00, -6.408998370E-02
 5.395800114E+00, -6.280001998E-02
 5.416699886E+00, -6.150999665E-02
 5.437500000E+00, -6.025001407E-02
 5.458300114E+00, -5.898001790E-02
 5.479199886E+00, -5.771997571E-02
 5.500000000E+00, -5.648002028E-02
 5.520800114E+00, -5.524000525E-02
 5.541699886E+00, -5.401000381E-02
 5.562500000E+00, -5.280002952E-02
 5.583300114E+00, -5.158999562E-02
 5.604199886E+00, -5.038997531E-02
 5.625000000E+00, -4.920002818E-02
 5.645800114E+00, -4.801997542E-02
 5.666699886E+00, -4.684999585E-02
 5.687500000E+00, -4.569002986E-02
 5.708300114E+00, -4.454001784E-02
 5.729199886E+00, -4.340001941E-02
 5.750000000E+00, -4.226997495E-02
 5.770800114E+00, -4.116001725E-02
 5.791699886E+00, -4.004999995E-02
 5.812500000E+00, -3.896000981E-02
 5.833300114E+00, -3.787001967E-02
 5.854199886E+00, -3.679999709E-02
 5.875000000E+00, -3.572997451E-02
 5.895800114E+00, -3.467002511E-02
 5.916699886E+00, -3.362998366E-02
 5.937500000E+00, -3.260001540E-02
 5.958300114E+00, -3.156998754E-02
 5.979199886E+00, -3.055998497E-02
 6.000000000E+00, -2.955999784E-02
 6.020800114E+00, -2.857002430E-02
 6.041699886E+00, -2.759000473E-02
 6.062500000E+00, -2.661999874E-02
 6.083300114E+00, -2.567001991E-02
 6.104199886E+00, -2.472999506E-02
 6.125000000E+00, -2.378997020E-02
 6.145800114E+00, -2.286001854E-02
 6.166699886E+00, -2.194997482E-02
 6.187500000E+00, -2.103999071E-02
 6.208300114E+00, -2.015998773E-02
 6.229199886E+00, -1.927998476E-02
 6.250000000E+00, -1.839998178E-02
 6.270800114E+00, -1.754000597E-02
 6.291699886E+00, -1.668998413E-02
 6.312500000E+00, -1.585998945E-02
 6.333300114E+00, -1.502999477E-02
 6.354199886E+00, -1.421001367E-02
 6.375000000E+00, -1.339998655E-02
 6.395800114E+00, -1.260998659E-02
 6.416699886E+00, -1.181998663E-02
 6.437500000E+00, -1.105001383E-02
 6.458300114E+00, -1.028999500E-02
 6.479199886E+00, -9.529976174E-03
 6.500000000E+00, -8.789984509E-03
 6.520800114E+00, -8.060006425E-03
 6.541699886E+00, -7.339982316E-03
 6.562500000E+00, -6.620017812E-03
 6.583300114E+00, -5.920020863E-03
 6.604199886E+00, -5.229977891E-03
 6.625000000E+00, -4.550008103E-03
 6.645800114E+00, -3.869978944E-03
 6.666699886E+00, -3.209976712E-03
 6.687500000E+00, -2.559988061E-03
 6.708300114E+00, -1.920012990E-03
 6.729199886E+00, -1.279978314E-03
 6.750000000E+00, -6.599707413E-04
 6.770800114E+00, -4.997682481E-05
 6.791699886E+00, 5.600171280E-04
 6.812500000E+00, 1.159997424E-03
 6.833300114E+00, 1.740010222E-03
 6.854199886E+00, 2.320023021E-03
 6.875000000E+00, 2.890022239E-03
 6.895800114E+00, 3.439994296E-03
 6.916699886E+00, 3.990026191E-03
 6.937500000E+00, 4.529984668E-03
 6.958300114E+00, 5.059989169E-03
 6.979199886E+00, 5.589993671E-03
 7.000000000E+00, 6.099971011E-03
 7.020800114E+00, 6.610007957E-03
 7.041699886E+00, 7.109971717E-03
 7.062500000E+00, 7.590027526E-03
 7.083300114E+00, 8.070023730E-03
 7.104199886E+00, 8.550019935E-03
 7.125000000E+00, 9.009988979E-03
 7.145800114E+00, 9.460004047E-03
 7.166699886E+00, 9.919973090E-03
 7.187500000E+00, 1.035002060E-02
 7.208300114E+00, 1.079002209E-02
 7.229199886E+00, 1.120999642E-02
 7.250000000E+00, 1.162997074E-02
 7.270800114E+00, 1.202997752E-02
 7.291699886E+00, 1.243999787E-02
 7.312500000E+00, 1.282999106E-02
 7.333300114E+00, 1.321998425E-02
 7.354199886E+00, 1.360002346E-02
 7.375000000E+00, 1.396998949E-02
 7.395800114E+00, 1.433000155E-02
 7.416699886E+00, 1.470002718E-02
 7.437500000E+00, 1.505002566E-02
 7.458300114E+00, 1.539001055E-02
 7.479199886E+00, 1.572999544E-02
 7.500000000E+00, 1.606002636E-02
 7.520800114E+00, 1.637998410E-02
 7.541699886E+00, 1.670000143E-02
 7.562500000E+00, 1.701000519E-02
 7.583300114E+00, 1.732000895E-02
 7.604199886E+00, 1.760998555E-02
 7.625000000E+00, 1.790997572E-02
 7.645800114E+00, 1.820001192E-02
 7.666699886E+00, 1.847997494E-02
 7.687500000E+00, 1.875999756E-02
 7.708300114E+00, 1.903000660E-02
 7.729199886E+00, 1.929000206E-02
 7.750000000E+00, 1.954999752E-02
 7.770800114E+00, 1.979997940E-02
 7.791699886E+00, 2.005002089E-02
 7.812500000E+00, 2.030000277E-02
 7.833300114E+00, 2.053997107E-02
 7.854199886E+00, 2.076998539E-02
 7.875000000E+00, 2.101001330E-02
 7.895800114E+00, 2.124002762E-02
 7.916699886E+00, 2.147999592E-02
 7.937500000E+00, 2.167001553E-02
 7.958300114E+00, 2.195999213E-02
 7.979199886E+00, 2.189001627E-02
 8.000000000E+00, 2.158001252E-02
 8.000000000E+00, 2.309999056E-02
 8.020799637E+00, 2.285000868E-02
 8.041700363E+00, 2.282998152E-02
 8.062600136E+00, 2.311000414E-02
 8.083700180E+00, 2.329001017E-02
 8.104800224E+00, 2.348998375E-02
 8.126199722E+00, 2.368000336E-02
 8.147700310E+00, 2.387002297E-02
 8.169500351E+00, 2.405002899E-02
 8.191499710E+00, 2.422997542E-02
 8.213800430E+00, 2.439001389E-02
 8.236499786E+00, 2.456000634E-02
 8.259499550E+00, 2.472999878E-02
 8.282999992E+00, 2.488997765E-02
 8.306900024E+00, 2.504000254E-02
 8.331199646E+00, 2.519998141E-02
 8.356100082E+00, 2.533999272E-02
 8.381600380E+00, 2.549001761E-02
 8.407600403E+00, 2.563002892E-02
 8.434300423E+00, 2.576998062E-02
 8.461700439E+00, 2.590999193E-02
 8.489800453E+00, 2.603998967E-02
 8.518699646E+00, 2.616998740E-02
 8.548299789E+00, 2.629998513E-02
 8.578900337E+00, 2.642002888E-02
 8.610300064E+00, 2.654001303E-02
 8.642800331E+00, 2.665999718E-02
 8.676199913E+00, 2.677002735E-02
 8.710700035E+00, 2.686998434E-02
 8.746299744E+00, 2.697000094E-02
 8.783100128E+00, 2.707001753E-02
 8.821100235E+00, 2.715000696E-02
 8.860400200E+00, 2.724000998E-02
 8.901000023E+00, 2.730998583E-02
 8.943099976E+00, 2.738997526E-02
 8.986599922E+00, 2.743998356E-02
 9.031700134E+00, 2.748999186E-02
 9.078499794E+00, 2.754000016E-02
 9.126899719E+00, 2.756998129E-02
 9.177100182E+00, 2.760002203E-02
 9.229100227E+00, 2.760002203E-02
 9.283100128E+00, 2.760002203E-02
 9.339099884E+00, 2.759000845E-02
 9.397199631E+00, 2.756998129E-02
 9.457500458E+00, 2.751997299E-02
 9.520000458E+00, 2.747002430E-02
 9.585000038E+00, 2.738997526E-02
 9.652500153E+00, 2.730998583E-02
 9.722499847E+00, 2.720001526E-02
 9.795299530E+00, 2.707001753E-02
 9.870900154E+00, 2.691999264E-02
 9.949399948E+00, 2.673998661E-02
 1.003100014E+01, 2.655998059E-02
 1.011600018E+01, 2.633997984E-02
 1.020400047E+01, 2.610001154E-02
 1.029500008E+01, 2.585002966E-02
 1.039099979E+01, 2.555999346E-02
 1.048999977E+01, 2.524998970E-02
 1.059200001E+01, 2.491000481E-02
 1.069900036E+01, 2.454999276E-02
 1.081099987E+01, 2.415999956E-02
 1.092599964E+01, 2.374002524E-02
 1.104599953E+01, 2.330002375E-02
 1.117099953E+01, 2.282998152E-02
 1.130099964E+01, 2.233001776E-02
 1.143599987E+01, 2.181002684E-02
 1.157699966E+01, 2.127000876E-02
 1.172299957E+01, 2.068999596E-02
 1.187500000E+01, 2.010002919E-02
 1.203299999E+01, 1.949998923E-02
 1.219799995E+01, 1.887002774E-02
 1.236900043E+01, 1.822999306E-02
 1.254699993E+01, 1.758000441E-02
 1.273200035E+01, 1.692000218E-02
 1.292399979E+01, 1.624998637E-02
 1.312399960E+01, 1.557997055E-02
 1.333300018E+01, 1.490000077E-02
 1.354899979E+01, 1.422998495E-02
 1.377499962E+01, 1.356998272E-02
 1.400899982E+01, 1.290998049E-02
 1.425300026E+01, 1.227000542E-02
 1.450699997E+01, 1.163998432E-02
 1.477099991E+01, 1.102999039E-02
 1.504599953E+01, 1.044002362E-02
 1.533100033E+01, 9.870024398E-03
 1.562800026E+01, 9.330006316E-03
 1.593799973E+01, 8.810015395E-03
 1.625900078E+01, 8.309992030E-03
 1.659399986E+01, 7.859976962E-03
 1.694199944E+01, 7.429989055E-03
 1.730400085E+01, 7.020028308E-03
 1.768099976E+01, 6.650002673E-03
 1.807299995E+01, 6.300004199E-03
 1.848100090E+01, 5.990000442E-03
 1.890600014E+01, 5.690010265E-03
 1.934700012E+01, 5.409987643E-03
 1.980599976E+01, 5.149992183E-03
 2.028400040E+01, 4.900010303E-03
 2.078199959E+01, 4.669995978E-03
 2.129899979E+01, 4.439981654E-03
 2.183699989E+01, 4.219980910E-03
 2.239699936E+01, 3.999980167E-03
 2.297999954E+01, 3.789992770E-03
 2.358600044E+01, 3.580005607E-03
 2.421599960E+01, 3.370018443E-03
 2.487199974E+01, 3.169985255E-03
 2.555500031E+01, 2.970011672E-03
 2.626499939E+01, 2.779992064E-03
 2.700399971E+01, 2.580018481E-03
 2.777300072E+01, 2.379985293E-03
 2.857299995E+01, 2.190025290E-03
 2.940500069E+01, 1.979978522E-03
 3.027099991E+01, 1.780004939E-03
 3.117200089E+01, 1.560004195E-03
 3.210900116E+01, 1.340003451E-03
 3.308399963E+01, 1.099975547E-03
 3.409899902E+01, 8.600073052E-04
 3.515499878E+01, 6.199794007E-04
 3.625299835E+01, 3.699974914E-04
 3.739599991E+01, 1.100020381E-04
 3.858399963E+01, -1.300258591E-04
 3.982099915E+01, -3.500266175E-04
 4.110800171E+01, -4.999918747E-04
 4.244800186E+01, -6.599707413E-04
 4.384099960E+01, -2.900047402E-04
 4.529000092E+01, -8.700175094E-04
 4.679800034E+01, 1.449974021E-03
 4.836700058E+01, -6.599707413E-04
 5.000000000E+01, -6.220011041E-03
